18107876
17183865
10345588
7316718
14686001
17437008
12062300
5262330
5225098
5258888
5226783
5244886
5240994
5260790
5205593
5258484
5259224
5238537
5282247
5286230
7055214
10510353
10501324
9904079
7917440
7217642
14806334
17410694
11329595
5245419
5228485
5287523
5212129
5247606
5248907
5258617
5227871
5273418
5266603
5254772
5276202
5310500
7740846
10742041
10563874
9480285
7938316
7217877
16330592
17824724
9258355
5231067
5209722
5251036
5192256
5235283
5228192
5243047
5210734
5257797
5223748
5224701
5238947
5275704
7533418
10769883
10380942
9558894
7651458
7219631
17436627
17808589
9637991
5237792
5203818
5244645
5190029
5226263
5219648
5222934
5196271
5253673
5219176
5218953
5236113
5258926
7227706
10702886
10497369
9669547
7635179
7214590
14938108
17339707
10329989
5213644
5205328
5244558
5196888
5232364
5223309
5237088
5193695
5248712
5231279
5224479
5247310
5258651
6645758
10488592
10474591
9895263
7873918
7227122
12768643
17242726
12071850
5252981
5233129
5285698
5221091
5259576
5253879
5265461
5225618
5282440
5282327
5260973
5298292
5317215
7756883
10640732
10486595
9479659
7513889
7214918
16812786
17989427
9000171
5238989
5210244
5259441
5198155
5233739
5232490
5238607
5235618
5252247
5233248
5233723
5246387
5301384
8070484
10525467
10535737
9537350
7722841
7195610
17612766
17835484
8895983
5240378
5210195
5247699
5186423
5229237
5219438
5234874
5197156
5253197
5218012
5225026
5229417
5255639
7156950
10713022
10374237
9584180
8176849
7208459
14767436
17262048
10512691
5216485
5208334
5243469
5193327
5228905
5223105
5233151
5199811
5232431
5246523
5211607
5249529
5257266
6332481
10410342
10713227
9894857
8335091
7238803
13143192
16970068
12975996
5258734
5230662
5272201
5235598
5253558
5248571
5270235
5214601
5279316
5276991
5261903
5304217
5308328
7368218
10697269
10566192
9566321
8148214
7220296
15889226
17534589
10106435
5242884
5222926
5271350
5202390
5241565
5233010
5246894
5227327
5260581
5240379
5235882
5251762
5292696
7677585
10653356
10524202
9574559
7624527
7220696
16975717
17776043
9531968
5229425
5220471
5255110
5182621
5235332
5219148
5241407
5202732
5249846
5222643
5224545
5233985
5257076
7113940
10697165
10398212
9680626
7680232
7210382
14974497
17221513
10310653
5217754
5198037
5238727
5189484
5227201
5215240
5225914
5184961
5235912
5234308
5215208
5237436
5247503
6376868
10362006
10543916
9803669
7834940
7237264
13214238
17404872
12868449
5261212
5233312
5251679
5243711
5245406
5246356
5267085
5202716
5254946
5273276
5244082
5296897
5286611
6923418
10599024
10575226
9899800
7780289
7218957
14685945
17107274
11429360
5235462
5226016
5283507
5203866
5238566
5246459
5256660
5224332
5267456
5257867
5245064
5270159
5298793
7709457
10739927
10393701
9576886
7798435
7220626
14916368
17703516
9357396
5232296
5209019
5249930
5194003
5235074
5221694
5239453
5208015
5259073
5218677
5225447
5238347
5270132
7562845
10603658
10461961
9509068
7570120
7211142
15678225
17585715
9766724
5231674
5203741
5245790
5185178
5229771
5213350
5220820
5192618
5240060
5231555
5213663
5235156
5258271
7093794
10581043
10502902
9672604
7667709
7231513
14181536
17247214
10369747
5211678
5205745
5248418
5195599
5235390
5229716
5237897
5197262
5262043
5236423
5228935
5249031
5272720
6940867
10613797
10380857
9773846
7723716
7218796
14959659
17409179
10930304
5243411
5235315
5291433
5216456
5257529
5255078
5262841
5229784
5288972
5275445
5265839
5282427
5333823
8070165
10785520
10433982
9480899
7456255
7262603
17124168
18092188
8554112
5242407
5206697
5253826
5197485
5230214
5233000
5235862
5232811
5250234
5226170
5235354
5240952
5298377
7868468
10854176
10529733
9422527
7480057
7201572
17096984
17895603
8716918
5247151
5206218
5235163
5199679
5223861
5230988
5214004
5208606
5239628
5220307
5229038
5222668
5278679
7648555
10754912
10434701
9541296
7698330
7213747
14765837
17478413
9456552
5212779
5199530
5237549
5193566
5235020
5218088
5234621
5198394
5252060
5234041
5221431
5240052
5261505
6917835
10292786
10538255
9651557
7723841
7217204
14814573
17165485
11735296
5255955
5234199
5275146
5229057
5255309
5255864
5261637
5227781
5275797
5278357
5259897
5304011
5311657
7625823
10710414
10457716
9635041
7550934
7215955
15868841
17663705
9658610
5239379
5219605
5272066
5201381
5238113
5228364
5249298
5224090
5258686
5241024
5232441
5250963
5288620
7738266
10679237
10477109
9535799
7537435
7218792
15834844
17625814
9614820
5234097
5218844
5253836
5186754
5232980
5217265
5237984
5203594
5248876
5223526
5222593
5233737
5254804
7172656
10725026
10486564
9654038
7637955
7212672
14212114
17199698
10414074
5209534
5201749
5237209
5191145
5226195
5215619
5228530
5188990
5237488
5238624
5216971
5234857
5255340
6567360
10323472
10566387
9775358
8321757
7232374
13297298
17248916
12484605
5259214
5226880
5266350
5230007
5253352
5250682
5257878
5213959
5275844
5268180
5259156
5298168
5301510
7365012
10694938
10489408
9685673
7818677
7219039
15605053
17577668
10359253
5241029
5231243
5277164
5204360
5239332
5244298
5254399
5225470
5258444
5249896
5239531
5260786
5288134
7614821
10605645
10538186
9606460
7849500
7219666
16585909
17679695
9565744
5234945
5211562
5251491
5190516
5233684
5220273
5241162
5203075
5255107
5221557
5226740
5238614
5260765
7293322
10604757
10481297
9555415
7621089
7212415
17004658
17683220
10437022
5220062
5205366
5243614
5185764
5226513
5216480
5223037
5184699
5222730
5241569
5209738
5245338
5246367
6347587
10352297
10571948
9863953
7862989
7236820
11759876
16689923
13166758
5260632
5228327
5242566
5234664
5232284
5234312
5263077
5198282
5246175
5258792
5236379
5278570
5274992
6225216
10428534
10471657
10004881
7938233
7250024
13483234
17153125
13234079
5251984
5230821
5273617
5232432
5249437
5250855
5256594
5224425
5260384
5278693
5255944
5277320
5300229
7266983
10698828
10639594
9706325
7656692
7221449
14713190
17513910
10657903
5234895
5217327
5260431
5192146
5230601
5225223
5251246
5208007
5243575
5243255
5222448
5248763
5262579
7088581
10688053
10463817
9715444
7678727
7213311
16470756
17716049
11152937
5243629
5217408
5261089
5189168
5218001
5220200
5231692
5195307
5221909
5239377
5217451
5244939
5250403
6181117
10518575
10623752
9992391
7831402
7241371
13131390
16642641
13489063
5226713
5205937
5231043
5214594
5226024
5216655
5243692
5185999
5226849
5251497
5208318
5252029
5251717
5501299
10382130
10615822
10261420
8458478
7296750
11314090
17180638
15150389
5264175
5233857
5264488
5264173
5242951
5240493
5277584
5213885
5261425
5288725
5260752
5308818
5300200
6798104
10470936
10756910
9812353
8266161
7219088
15324564
17365377
11678295
5235224
5223134
5271590
5204456
5227741
5230518
5250780
5220602
5251636
5240062
5234149
5252550
5269496
6946474
10638466
10753851
9758699
7716317
7219000
16109543
17173836
10898068
5230848
5218249
5251058
5192381
5223755
5221988
5245034
5195276
5238502
5230402
5218905
5233447
5245797
6859810
10458295
10575479
9806072
8079502
7210527
13782409
17034131
11540185
5209062
5210131
5248715
5190223
5229525
5218744
5228179
5197285
5226405
5242556
5217448
5246369
5253873
6134049
10258657
10534601
9976008
7940840
7255134
13358891
16909599
13620358
5280896
5230596
5261875
5250382
5247031
5247532
5271975
5211603
5263360
5282616
5257319
5313294
5300210
7016727
10584499
10471785
9793915
7693784
7220856
14658069
17571078
11230940
5248250
5223727
5272088
5208870
5239501
5234598
5251948
5224612
5249960
5248038
5234095
5253217
5275548
7035509
10658592
10483415
9761567
7824307
7220440
15573382
17336723
11151261
5236594
5216425
5259164
5190440
5223156
5222569
5246071
5202475
5233545
5226006
5224970
5239352
5252090
6539003
10417521
10666325
9887819
7806205
7218447
13814745
16879052
11958433
5218119
5205600
5250817
5187095
5223346
5216457
5226492
5180916
5218062
5246809
5217173
5243137
5242872
5726624
10284276
10637378
10129174
7974699
7281741
11262775
17168690
14955872
5314019
5224298
5246219
5252290
5242263
5239108
5274824
5195632
5252518
5269819
5240758
5289345
5283777
6176227
10434503
10694739
10122058
7947831
7254309
13109748
17097783
13549385
5267948
5234557
5259420
5239425
5235953
5242168
5263284
5216254
5250153
5267515
5244301
5281966
5287120
6885549
10544069
10514048
9982182
7957399
7217229
14705861
17305610
11914167
5246983
5213698
5247732
5209274
5223021
5227370
5247666
5200783
5237892
5236255
5219281
5254888
5252979
6369547
10466735
10789023
9875630
7845916
7236903
14908748
16938762
12948954
5247567
5215108
5248120
5201885
5223447
5210729
5233538
5181702
5217273
5238489
5215865
5245804
5246598
5620405
10442858
10667812
10080032
7992517
7271197
12710535
16163937
14411933
5254871
5210166
5226406
5227915
5221924
5216423
5250494
5186473
5235285
5250121
5213966
5260483
5253079
5331749
10337579
10374947
10499288
8075927
7302633
10769057
17040970
15954370
5403450
5240938
5250369
5266595
5249494
5252549
5287880
5209911
5261577
5281400
5265416
5296848
5301604
6142725
10485423
10744546
10128981
7922612
7253392
13319243
16820514
13349927
5244260
5219364
5249723
5219372
5219830
5225849
5253534
5208594
5236655
5245516
5230478
5256634
5265330
6409700
10586318
10485792
9974340
8149652
7236646
14049201
16948893
13059040
5262775
5227370
5238460
5212358
5216055
5214874
5241944
5186737
5218338
5237220
5219471
5247333
5235444
5582094
10455511
10677948
10155569
8008553
7277698
11158346
16351196
14487727
5268829
5199964
6489736
5240122
5221645
5213981
5249359
5180594
5227729
5251135
5212055
5257195
5246757
5304787
9805814
10432112
10595358
8299757
7334241
10080062
16311075
16700332
5345653
5231937
5240528
5262650
5245790
5248719
5287559
5202319
5263514
5281820
5254680
5305273
5292765
6108287
10595501
10713658
10052730
7930345
7261459
13490587
16826752
13422566
5243266
5224866
5259615
5222407
5229895
5229657
5254133
5215159
5239551
5255600
5227726
5260530
5271279
6602008
10537703
10752754
9947917
7853068
7231266
14513404
16992421
12403706
5255240
5217663
5246173
5206851
5222112
5221729
5246095
5194630
5227607
5231162
5220722
5248279
5247490
5983499
10484866
10746889
10099092
7899483
7252971
12752722
16430964
13612737
5242845
5214805
5226630
5216171
5222629
5204749
5235788
5182323
5215216
5244787
5212617
5253921
5243074
5305721
10117254
10347911
10523545
8225603
7312593
11868100
16465097
16187920
5377405
5233368
5235401
5258478
5242793
5250501
5275198
5195359
5260952
5278096
5243201
5298733
5285088
5837612
10564408
10812871
10053456
7952652
7271872
13041681
16889473
14152909
5279265
5232013
5252634
5245851
5227534
5232751
5266150
5211808
5241502
5257686
5239589
5269629
5280726
6308218
10514375
10550320
10155774
8039229
7244857
13919502
17160977
13066892
5243596
5218259
5235602
5219098
5221589
5223799
5249429
5201030
5227198
5234438
5223652
5253195
5246635
5991569
10498221
10750086
10109312
7933959
7252750
14869873
16971673
13844392
5255340
5216095
5237091
5215086
5218365
5203430
5234698
5177022
5215815
5241050
5209232
5249402
5243112
5307828
10216320
10426160
10598179
8077083
7301757
11114882
15444226
15961861
5387824
5218617
5215279
5242978
5219769
5243252
5256229
5189155
5241480
5259766
5224933
5267960
5261788
5326017
9922160
10349141
10661528
8374938
7326345
10501055
16682982
16590033
5317892
5232686
5247663
5260893
5241632
5247439
5280327
5211145
5258282
5274107
5254840
5290576
5294516
6000092
10408647
10653306
10061741
7925748
7259194
14187395
17604800
7478060
5203626
5212465
5207786
5203917
5208799
5226773
5207081
5212035
5196838
5234304
5232199
7500516
10756813
10885221
8369618
11458691
9623810
9697623
9663459
9658651
9715269
9698221
9747890
20845641
18144015
9548863
9620111
9623093
9604975
9651633
9649335
9810305
26455088
12267847
9592560
9514135
9594922
9511407
9572448
9568467
12491210
26521987
9557113
9567667
9539008
9544314
9489058
9552481
9597876
14764331
24382878
9476784
9540224
9527264
9528910
9560327
9543526
9602708
17315756
20329135
9608573
9658589
9684366
9663287
9727085
9765070
9819589
22927475
15150902
9576413
9566611
9593822
9561780
9605426
9579526
11000881
27970490
9843185
9537295
9469021
9568453
9467145
9519596
9534020
13187919
25526015
9486578
9547882
9517631
9525403
9556133
9514583
9579906
14936216
22755507
9606953
9691869
9674475
9712604
9781651
9766526
9872246
21511358
17954394
9587743
9589747
9626067
9597932
9630023
9639718
9771487
25489916
12307956
9577343
9505450
9602654
9486233
9551189
9578204
12242257
25997172
9476993
9542252
9533769
9529466
9493940
9570229
9609554
12674087
25205304
9553331
9618782
9585065
9582635
9654026
9640454
9732226
18137913
20102386
9569664
9605949
9599428
9608886
9645726
9631464
9755489
25217953
14333459
9555996
9556271
9585678
9533357
9567143
9564924
10803197
27939328
9770755
9574195
9535425
9560787
9477751
9570696
9584769
13300629
25787529
9493644
9577645
9570300
9532137
9596454
9546960
9617355
15560272
22375852
9576070
9615381
9637446
9640149
9692290
9695903
9733174
22571863
16167339
9605627
9584459
9595592
9605465
9630078
9597869
9988741
27591208
11029865
9558769
9488301
9570290
9495885
9563121
9530791
13554335
25824872
9485050
9571719
9538703
9533131
9582980
9546783
9615065
13349497
24128630
9561952
9675825
9654913
9651306
9688728
9700348
9769339
21284989
18025610
9538086
9567570
9579360
9556605
9622050
9587394
9768278
25595722
12514735
9564818
9487033
9568117
9487425
9556413
9551196
12162822
27028797
9468597
9520995
9514762
9528571
9488270
9559447
9608252
12443063
25570334
9567458
9643898
9604592
9575378
9635638
9643167
9738507
19251634
19737144
9568792
9566975
9623415
9602687
9599785
9625217
9744603
25661662
13990109
9556499
9518563
9573863
9472565
9573997
9549943
11284628
27735758
9667534
9515683
9518350
9530319
9484919
9550715
9575670
13365303
25839476
9534441
9629722
9616327
9601642
9639578
9616427
9683355
15816259
21880238
9564001
9598324
9651117
9611282
9664281
9663740
9741803
23654764
15987972
9573832
9535794
9599995
9561876
9617831
9589590
10074011
27630349
10867965
9574369
9520267
9565230
9490835
9556708
9552074
13037248
26032061
9507195
9592369
9543345
9533378
9573554
9564809
9616411
13818365
24030191
9547946
9657604
9612828
9625724
9686429
9684036
9740592
20434716
18045166
9550790
9564840
9573773
9598720
9637206
9584341
9780969
26442897
12545922
9574748
9493679
9563229
9498215
9541830
9552267
12191648
27037708
9488528
9559576
9540100
9550098
9508192
9594647
9593199
12533237
25415123
9600312
9669036
9644156
9634629
9682636
9668465
9749174
19840831
19555954
9562437
9595578
9606756
9603410
9618196
9633380
9743031
23905785
13983887
9557311
9537613
9580063
9492610
9564630
9564038
11303452
26797093
9624778
9528914
9504826
9514551
9489974
9564223
9557451
12149306
25940026
9583246
9626247
9640851
9598638
9658585
9647598
9719368
17234131
21399507
9559458
9590244
9626976
9594053
9663120
9670739
9737405
23001147
15591090
9558016
9482086
9572019
9525525
9542426
9563172
10271433
27794057
10716733
9569455
9505753
9532167
9503655
9592346
9540759
13101093
25991675
9501836
9532095
9539365
9523962
9561678
9531471
9613501
14240301
23787750
9575224
9697771
9675326
9652629
9718513
9740097
9799085
19309252
18521019
9545923
9551641
9552388
9565440
9617665
9601082
9715630
25813341
13227722
9564556
9475356
9538662
9473044
9551322
9501544
11549343
27087117
9565798
9547772
9529987
9568486
9505699
9572015
9576791
11723405
25854070
9571885
9668083
9646347
9624766
9675969
9684343
9735280
19066517
20355171
9575984
9554603
9566760
9588115
9600109
9625462
9695236
23285977
14754955
9545939
9524481
9583746
9486789
9558391
9564135
10744666
26936165
10034697
9523347
9510191
9524995
9490177
9596495
9548993
11801585
26069680
9584271
9625350
9641088
9578604
9635685
9637913
9707092
15838792
22424963
9588741
9594041
9602468
9620506
9659517
9639033
9677926
21610933
16842349
9556725
9540145
9609262
9545851
9575626
9586944
9701501
26813563
11975422
9547430
9527025
9513226
9454437
9548502
9531248
12237932
26939335
9553985
9578141
9576774
9615447
9561762
9599263
9658669
12604418
25043576
9525680
9634654
9625286
9603960
9640473
9665399
9718892
19763978
19065326
9555668
9512505
9574836
9566076
9558252
9631540
25029856
10939070
7322781
16943380
3589977
13537453
18060344
16510316
6060074
5399294
5383363
5397277
5429006
5350295
5387243
5379046
5427493
5387592
5379528
5396267
5406952
5387877
5392889
5402951
5444319
5489227
8514641
10953070
10829849
10961092
9974937
8015121
7303865
7218854
14644669
3495423
3756259
14770764
18294656
15213782
5573105
5397290
5367584
5415106
5431114
5365571
5409082
5402021
5459913
5366245
5385118
5402150
5433980
5408170
5429982
5429701
5444533
5519556
9213349
10776502
10860220
10949100
9314686
8034775
7258627
8219301
13472468
3464777
3473843
4346720
15689950
18769086
13989934
5514371
5399542
5367168
5418420
5426237
5380798
5413455
5407118
5451889
5368242
5387567
5418235
5440829
5401694
5428738
5417826
5448497
5512800
9532439
10740036
10878172
11356020
8871936
7911675
7244963
8601527
12237188
3488083
3481617
12689160
17922292
17202445
6002274
5386594
5399017
5400881
5432078
5381128
5423767
5401014
5429077
5388144
5398867
5409681
5460629
5394866
5411080
5425785
5442940
5484995
8359572
10836725
10781933
10736556
9953563
8184405
7308295
7220919
14890957
3502296
3446364
8597734
17051457
18644136
9098967
5392100
5403208
5404904
5437586
5382029
5413688
5419201
5380786
5432558
5379335
5410128
5443505
5412706
5392203
5460341
5401649
5471428
6655710
10833390
10725554
10825324
10446086
8672536
7400596
7220237
12812975
6143109
3495334
8128486
16774693
18570667
9604991
5404326
5397069
5393381
5447317
5380534
5405629
5430308
5385553
5432952
5371874
5404668
5448561
5414181
5383478
5471135
5398239
5472172
6353148
10888736
10788751
10674390
10569313
8492080
7432570
7215222
12213644
7455482
3528502
3463868
11905039
17771298
17693830
6237353
5379368
5386869
5400596
5433414
5381969
5432821
5412272
5425096
5384357
5390916
5410772
5464632
5396079
5417424
5433403
5433628
5497779
8237627
10775418
10673205
10848132
9829186
8348987
7313494
7217531
15124763
3488278
3457896
3464956
13714258
18050860
16321156
5504610
5396091
5368074
5418579
5425746
5371559
5417505
5406075
5455424
5363219
5386599
5407652
5445890
5408663
5430796
5432825
5447260
5519648
9383810
10756805
10768951
10893217
9311432
7803610
7264167
8062880
12552109
3473664
3469462
3471361
11526419
17806524
17853103
6658168
5387235
5380652
5404591
5430000
5381607
5423017
5414547
5414036
5410766
5372077
5415320
5439437
5424731
5392431
5447208
5436312
5489755
7738833
10819256
10743220
10720809
10107684
8427278
7349415
7210626
15164566
3457168
3473646
3453323
12907399
17867751
16906862
5972400
5379123
5381536
5405222
5428893
5368108
5428471
5405772
5435380
5384300
5388571
5403357
5456156
5405065
5410321
5443344
5449844
5510872
8355653
10805691
10785829
10738083
9934163
8224235
7331754
7211616
14673927
3453482
3468956
5044125
16329722
18442167
12546584
5422301
5395475
5369037
5454880
5387824
5366336
5411352
5398264
5451937
5360980
5405323
5423723
5412056
5420430
5467276
5412951
5466870
5618741
10926104
10688583
10788799
10854764
8732581
7457472
7219873
11042633
8764026
3459299
5643867
16549150
18524872
12120438
5430826
5401285
5376634
5437660
5392450
5379386
5413382
5410604
5447821
5363052
5418707
5418089
5420196
5412144
5459799
5411238
5460775
5579215
10800787
10762031
10662026
10789947
9093066
7460125
7224189
11237000
9481791
3475565
3471900
13003642
18159450
16863066
5918240
5391891
5387641
5396943
5428362
5365339
5427665
5401706
5443892
5371263
5394520
5405760
5459752
5403740
5416780
5442295
5450168
5496183
8492042
10835924
10738621
10735799
9818705
7908124
7307685
7217305
16109243
3476867
3492883
6888024
16537467
18665465
10657234
5411967
5406787
5386075
5457955
5363552
5358221
5415619
5379722
5446105
5360764
5399304
5424574
5388364
5378706
5450760
5391553
5455988
6283171
10920922
10907708
10667442
10595756
8445619
7414899
7210865
13215424
6767191
8375857
16934626
18576527
9201000
5411931
5409097
5388818
5458924
5367525
5364544
5414511
5383744
5451065
5365056
5402736
5417430
5395882
5391520
5452484
5408779
5469644
6482237
10881868
10788792
10759838
10521260
8728921
7407038
7212267
13467878
6588954
3502140
6585176
16660537
18639488
10868701
5419316
5407156
5392820
5447837
5386578
5382669
5426640
5385291
5434856
5367528
5414724
5441387
5399352
5403869
5457960
5391363
5460906
6107363
10876925
10826856
10654374
10584709
8520212
7429687
7211637
11591435
7772317
3501037
3469110
13036389
18089146
16980707
5706479
5383611
5392265
5411092
5417431
5387612
5419910
5395996
5452154
5369891
5394584
5408727
5456545
5399156
5416419
5427320
5444338
5489832
8763276
10924759
10814273
10658262
9720746
7807099
7281732
7500475
14244665
3464630
3480435
6131165
16541872
18554105
11562322
5438681
5399052
5393941
5437037
5394416
5397508
5405766
5414647
5435073
5371109
5414905
5421445
5423019
5402331
5448739
5404505
5449628
5559814
10710201
10747736
10646559
10898004
8659981
7464278
7221060
11826761
9296415
3476204
3495233
13046428
17992812
16857827
5554149
5381380
5378976
5415659
5416133
5388541
5416714
5401462
5458646
5358805
5390774
5413276
5451388
5398591
5428918
5432313
5444842
5516749
9025260
10675916
10801517
10708478
9603506
7934161
7271041
7772122
13584879
3475454
3439355
6325897
16395957
18529228
11415207
5422205
5388372
5383089
5448520
5386053
5393018
5423140
5404051
5431480
5365374
5413966
5434865
5413553
5402758
5470518
5392232
5461803
5699103
10846453
10633932
10787882
10752193
9088751
7453272
7217124
10782564
8976011
3483771
3762677
14857547
18406543
14952330
5502657
5397568
5360057
5419159
5426419
5378683
5419364
5411394
5449202
5366443
5384204
5411786
5450094
5403088
5432069
5426300
5449364
5522480
9512010
10861394
10676709
11333123
8841514
7655390
7255998
8212947
12905467
3481014
3449980
3503075
14452107
18275409
15710140
5557978
5391088
5363852
5415271
5426610
5369861
5415541
5403590
5458740
5364783
5383391
5405787
5443671
7071888
5458312
5434271
5455538
5525570
9317515
10749535
10773019
10973815
9413066
7715320
7266647
8075091
13457490
3436456
3431167
3450769
13337007
18291732
16755059
5766547
5375228
5383330
5414524
5422054
5368052
5425119
5405236
5457201
5373098
5381694
5400981
5460130
5404344
5425086
5442307
5447675
5499312
8860901
10852250
10821830
10803756
9691092
8199717
7293638
7411398
15298887
3491351
3474641
9048899
17078667
18516837
8568428
5388827
5403198
5391176
5434299
5370299
5412053
5406804
5398494
5426118
5367697
5407372
5436406
5426738
5387305
5466360
5420561
5494853
6946895
10819503
10868874
10772846
10370916
8294106
7406718
7212410
13027864
5846169
3475924
6872675
16683645
18573893
10711492
5420073
5394090
5374101
5451324
5382495
5368337
5427908
5390150
5451514
5367331
5409075
5438386
5411338
5405320
5475763
5401840
5469076
5825628
10877347
10758763
10656131
10724361
8609110
7441631
7219535
11087258
8915043
3526200
3775963
15028869
18314058
14869887
5492120
5404494
5355596
5425540
5416787
5366629
5417953
5411704
5456364
5367973
5380498
5414044
5437015
5416694
5429587
5431418
5454219
5542063
9655244
10696089
10856563
11186796
8837649
7610320
7244329
9676567
10970777
3478634
3457819
7882949
16866378
18743372
9660584
5410649
5404552
5390464
5448987
5380508
5382954
5429472
5383754
5441382
5368833
5413080
5448173
5407512
5390552
5472333
5396499
5467904
6180982
10863894
10809360
10728431
10685225
8765456
7432559
7214145
13533105
7617274
4130141
14849175
18400854
14615731
5608224
5403495
5351494
5415111
5424282
5342307
5383249
5392715
5462736
5363746
5366471
5391055
5402150
5390586
5414040
5410290
5445309
5515590
9434651
11008775
10835120
11368431
8994635
7856219
7250537
9439853
12177537
3475747
6862576
16748486
18642302
10709910
5425795
5407915
5385839
5458154
5383514
5366397
5420752
5388509
5441646
5366943
5408413
5428497
5394123
5411983
5453128
5398833
5461322
5979175
10856116
10681700
10726748
10777466
8535149
7435462
7211114
12324495
8448070
3459812
3450842
9256161
17351754
18600497
8279584
5393027
5389184
5405870
5432164
5378179
5421606
5402576
5406981
5420183
5378842
5415716
5435421
5423864
5389115
5444172
5418203
5487363
7377111
10853443
10712375
10829284
10222113
8725057
7373718
7220406
13858975
4255854
3473512
7244293
16524105
18646815
10563003
5420080
5407077
5393243
5451695
5380739
5390117
5418787
5395459
5437779
5367569
5415563
5446562
5401014
5394387
5460076
5391946
5456092
5883943
10881840
10663042
10688514
10833868
8899303
7439805
7222119
12397904
8283831
3467978
3571700
14252641
18344830
15722286
5548006
5396712
5372366
5415979
5432424
5380794
5420097
5402623
5450280
5366073
5390525
5411207
5450011
5404238
5428148
5426167
5446497
5507163
9369153
10803098
10778190
11037533
9112540
7998771
7255266
7814952
13588075
3476961
4775329
16061740
18640734
12981795
5431043
5389903
5390248
5431181
5393772
5397187
5410728
5420484
5436509
5361259
5411618
5418390
5424754
5405321
5451427
5418238
5456873
5556766
10658711
10774678
10611278
10952419
8668785
7467559
7218654
11001005
9520064
3439034
3454872
8636675
16990202
18700557
8909730
5389485
5396559
7049362
5467011
5380727
5414934
5423684
5380254
5427544
5381153
5405682
5445378
5417415
5386970
5467148
5401505
5470051
6675567
10843091
10795543
10714809
10517508
8383056
7404277
7220523
12481533
6975282
3416675
3427030
7251323
16810684
18678935
10480567
5422618
5401607
5382353
5448077
5391941
5380269
5428586
5397639
5431977
5367293
5413051
5437412
5412661
5400289
5469969
5391838
5465466
5721488
10888573
10810672
10625344
10698717
8607788
7445582
7223015
11896227
9345385
3437782
3453847
3539405
14524357
18426291
15445320
5519101
5391484
5361431
5416721
5433431
5371534
5413773
5408183
5460596
5373965
5375599
5404605
5448964
5408130
5433193
5429134
5452526
5524916
9375430
10898129
10772626
11275655
8962369
7953598
7260424
9296427
11822505
3467651
3476542
8474912
16881428
18566936
9039528
5391149
5394708
5393532
5438934
5375299
5406761
5419870
5384028
5435955
5370675
5411707
5435916
5417490
5390954
5473669
5407026
5483187
6603292
10739066
10851509
10700925
10462458
8770521
7401701
7219504
13220497
6810702
3465960
3448243
13284373
18096926
16751521
5637185
5383618
5363739
5410314
5417808
5364641
5415444
5399688
5467743
5368400
5373991
5403200
5454680
5418094
5414873
5438802
5459745
5523279
9014637
10902206
10701137
10762951
9678396
7801253
7285779
7701566
14279202
3480364
3682025
14374752
18338812
15355398
5533790
5390626
5362618
5412716
5424957
5367351
5419968
5401363
5464607
5377485
5379918
5405284
5450175
5412491
5426317
5435129
5449109
5527963
9262181
10792177
10821732
11097749
9194680
7698197
7266497
8916412
12926891
3464263
3480190
8527006
16976506
18749424
8881436
5390849
5407982
5390368
5434078
5374241
5410804
5411582
5399118
5421995
5377310
5408430
5441174
5427263
5388818
5465337
5417333
5486421
7021537
10718773
10842267
10768219
10287550
8405612
7386572
7211265
15382062
5776909
3437784
3466506
11524668
17677504
17933767
6764912
5395061
5386489
5392173
5434549
5370229
5399820
5397521
5408587
5411422
5367918
5409443
5415789
5409530
5377632
5436338
5428628
5484625
7731299
10893015
10877636
10715225
10186579
8344081
7340320
7208947
14946934
3812947
13603591
18147171
16385073
5958067
5396497
5393731
5396878
5432038
5353724
5408879
5395256
5436268
5383207
5388177
5403546
5421184
5403260
5406415
5425645
5452942
5495304
8598538
10811331
10720747
10774777
9937912
8137698
7298261
7219174
14706019
3502166
3484328
11620774
17976321
17777020
6475273
5390378
5391787
5403807
5432198
5383782
5414083
5406031
5415383
5404734
5383382
5415637
5434816
5417649
5403550
5431082
5432024
5495543
7966951
10888301
10742021
10679720
9979200
8386123
7331325
7220683
15388130
3460644
3476469
5831906
16595479
18555888
11527193
5409763
5410248
5394624
5448956
5385270
5393968
5420319
5394336
5430510
5374020
5415843
5443708
5400560
5398936
5457501
5390711
5456964
5955197
10908085
10712516
10734964
10655843
8571978
7435179
7216539
14029277
16280795
18404901
9243091
5252188
5248661
5251186
5280013
5230556
5266606
5250361
5279320
5244504
5240170
5260303
5294376
5251777
5271534
5285723
5293953
5359446
9237933
10642940
10584040
10326639
8316781
11034642
9649888
9335605
9437262
9380220
9367093
9467251
9284467
9331806
9464930
9388092
9453570
9617168
21734917
26262378
9382913
9320742
9350031
9310131
9278221
9373238
9271181
9414442
9326434
9407456
9374851
10950290
26099347
20035315
9353731
9332447
9357833
9357129
9305043
9355949
9344428
9427355
9330525
9394212
9429929
12541413
30022318
13920285
9321200
9358293
9344768
9357365
9341284
9328129
9389871
9410420
9377533
9413005
9513047
14552699
32389227
9524221
9336868
9414873
9309291
9374538
9385887
9261727
9384193
9488338
9356033
9398990
9554819
21749398
26311688
9356842
9326427
9370980
9341281
9333006
9377345
9287449
9435178
9353565
9383773
9394525
10857984
25578014
20129375
9354559
9284131
9364434
9368364
9311677
9379727
9348407
9420032
9336267
9384780
9439835
12421880
30029112
14310489
9331346
9351962
9310802
9323926
9322498
9316621
9359732
9393844
9343183
9405119
9504909
14345305
32640926
9579585
9317099
9430017
9274453
9390974
9440593
9278424
9360882
9454416
9345953
9411052
9538075
21386816
26709339
9365899
9334053
9406011
9330496
9348552
9404731
9294269
9466839
9383310
9447728
9423504
10539196
25842854
20901612
9355287
9294998
9397323
9338704
9302250
9403951
9313165
9390626
9373422
9390727
9491318
13124261
29431945
14944702
9316932
9305372
9328455
9340519
9397257
9361441
9329046
9397770
9372581
9409533
9519234
13776102
33173398
9643349
9313644
9389337
9237905
9402284
9364707
9254101
9325504
9412693
9356485
9382972
9544133
19469148
27620348
9421569
9339629
9343207
9261897
9360653
9392668
9271259
9399252
9319772
9377535
9406631
10226997
25493285
21092028
9403291
9304426
9370988
9344438
9341950
9401055
9323690
9358368
9369511
9397037
9443248
12146102
29340357
15177494
9314637
9352838
9362178
9344154
9381475
9369983
9353543
9418640
9366717
9416607
9504950
14426644
33270638
9724046
9340533
9394719
9293064
9398570
9369001
9286787
9354128
9403978
9362312
9388834
9564030
19342098
27599459
9374275
9326027
9344782
9335161
9325155
9426832
9282100
9413006
9360485
9410497
9407981
9838321
25335971
21579552
9366876
9254155
9353838
9319798
9305666
9361664
9299870
9381091
9367740
9392221
9405924
12236851
28824631
15648892
9294952
9326972
9317230
9368030
9373797
9346813
9354631
9389543
9361705
9390695
9464397
13557908
33276222
9717743
9349433
9400528
9275042
9403136
9399575
9249521
9349834
9455782
9374433
9384861
9538125
19474335
27739060
9380081
9319768
9384882
9295911
9349393
9399521
9302786
9431498
9373139
9389118
9399615
9640798
25828696
22008687
9358122
9286424
9374258
9374297
9335009
9399058
9309824
9405238
9392092
9393293
9464047
12049539
28739871
15880171
9313896
9365584
9342958
9315759
9359955
9360403
9312466
9426186
9350852
9429999
9479337
14206292
33402836
9906607
9307659
9390003
9247637
9391547
9350054
9291798
9351496
9403183
9359644
9389925
9539647
18587286
28409700
9362277
9326125
9303232
9291423
9365729
9388192
9266122
9368598
9418778
9387891
9389116
9619145
24795758
22507974
9352884
9244586
9337392
9349962
9310834
9363386
9289115
9388454
9355473
9340949
9410887
11984947
28457142
16417467
9392878
9329762
9333367
9267171
9329780
9396369
9329651
9359501
9491888
9434194
9494076
13880306
32959098
10135062
9317460
9395344
9258995
9367106
9335633
9289847
9347530
9428170
9358251
9365427
9538788
18978180
28535422
9414210
9333771
9367125
9324947
9342751
9393972
9254810
9459025
9373438
9398329
9393733
9616891
25459391
22450787
9390081
9333588
9397029
9362403
9296321
9401387
9311062
9434090
9350273
9371768
9409280
11778981
28477386
16241868
9295450
9309738
9335479
9318877
9307921
9373883
9332865
9420729
9350506
9416831
9452169
13651360
33091424
10053900
9297392
9357138
9255681
9386172
9335638
9235810
9319587
9431083
9336073
9324812
9512492
19037404
28412833
9372214
9331512
9364477
9327239
9354645
9387290
9265384
9401089
9371803
9398526
9367242
9605734
24909835
22306302
9409186
9297850
9357535
9326625
9322239
9345573
9314889
9394571
9407836
9362144
9409093
11886587
28494874
16225938
9327972
9330234
9354859
9328955
9308603
9353625
9307576
9404100
9345789
9376240
9475697
13515539
33240264
9872109
9325555
9428341
9243469
9394070
9394373
9266522
9378235
9423379
9401893
9410972
9551597
18446253
28688143
9437039
9320380
9350097
9324638
9374411
9429347
9288804
9453061
9432472
9435469
9435035
9654243
24533251
22904851
9381220
9283971
9336963
9343224
9277402
9374242
9309091
9385806
9386010
9366563
9405902
12030217
27987673
16786550
9366529
9294272
9352231
9323685
9320202
9355824
9321287
9375908
9336562
9418253
9464934
13421892
32449731
10826996
9354824
9370504
9264580
9358154
9339366
9277704
9348699
9395147
9369835
9372739
9535647
18179852
29060083
9477888
9337865
9376123
9323022
9337577
9425793
9262090
9390435
9380979
9383817
9435338
9608708
24890876
23071112
9374607
9291856
9378413
9345888
9330848
9405169
9301525
9458381
9371537
9443677
9429066
12585013
28055664
16941969
9386161
9352159
9354248
9388322
9348387
9353905
9380350
9415969
9355423
9410667
9466442
13752499
32574052
11098970
9574424
9597932
9584605
9625483
9525746
9641044
9611640
9656831
12423639
28819147
14005386
7321309
11566408
13130089
3384083
3364056
3410395
3406026
3358016
3376822
3413468
3374175
3362641
3416514
3409265
3369634
3361915
3371943
3381434
3402873
3390846
3356388
3359565
3409107
3374217
3414072
3364794
3377829
3391845
3366651
3380884
3379174
3383708
3417309
3369831
3392672
3411115
3373317
3378471
3394856
3384880
3371283
3412905
3408390
3386496
3379515
3410326
3403298
3379221
3366056
3427110
3370666
11228889
11835833
13869553
21398742
21552516
21348388
21508968
20668889
11037719
20930413
20947644
20863958
16877233
10524024
10005628
11772163
9672755
11591253
10075739
10286000
11358829
9658978
11942086
9725440
10641318
11001257
9655348
11964872
9706594
11026770
10606251
9657881
11969055
9704001
11403676
10306943
10167758
11503834
9772691
11731709
10062287
10723948
11092834
10149224
11608329
10784170
11052118
11918086
10651896
11077388
12228589
7501096
6085729
5992948
5965839
6016390
6012394
5967595
5986207
5974674
6043292
5953166
5985318
6010257
6029994
5980981
6005879
5999416
6035965
6078672
8765297
11345914
11266108
11051976
11342741
11606895
9344433
7410965
7221463
8691646
18976436
3378298
3439649
3383201
3380669
3402914
3371546
3386209
3376428
3383358
3428537
3392670
3452265
3373047
3422100
3417436
3402083
3430397
3371392
3368361
3361552
3374728
3369196
3390980
3402354
3376165
3436732
3393161
3406099
3388349
3367555
3380984
3390480
3387366
3363843
3412933
3442633
3376038
3376999
3377732
3367739
3385004
3373806
3363446
3376097
3447065
3361109
3386861
3379192
8707842
14099689
11421298
21498092
21410501
21114783
21089105
21572954
10367618
20993682
20812481
20824394
18059427
11040413
9759817
12097832
9686732
11120563
10609640
9735682
11980122
9691856
11498480
10219929
10089697
11634410
9702507
11884368
9835180
10491509
11233543
9705820
12008456
9685869
10888254
10840337
9737594
11964860
9786819
11277092
10490061
10193125
11567832
10169414
11556914
10694233
10986995
11771996
11119356
10624740
12252433
8451520
6116325
5972576
5971556
6024593
6032188
5991126
6066458
6027654
6060739
5974370
5995738
6026522
6109549
6013204
6023099
6077650
6059599
6134209
8547046
11080492
11051788
11005152
10955081
11463627
9765621
7436003
7220706
7194081
16226495
3888024
3374591
3365761
3412444
3374554
3382263
3360699
3379664
3385667
3365811
3446754
3370183
3366213
3365350
3392639
3370093
3360970
3409131
3369153
3353649
3370495
3376776
3430227
3376498
3410564
3389857
3398726
3380557
3370082
3436107
3410909
3389299
3423262
3402366
3366250
3371204
3374005
3380180
3408607
3450931
3408657
3370355
3385981
3483109
3447186
3380358
3377995
3390258
6674406
15907867
9417902
21551922
21589607
21317271
21734061
21407948
10308233
21091869
20906311
20865236
18683239
11227698
9714567
12059917
9648056
10916956
10734042
9664833
11999746
9630902
11282764
10374007
9968673
11683692
9657698
11651095
10009091
10338301
11306828
9646933
11973975
9684890
10703605
10958326
9716785
11941827
9764379
11127645
10646203
10146158
11614403
10131936
11421410
10809033
10887797
11797722
11167014
10478539
12304693
8618710
6456870
5990290
5990891
5990826
6050596
5957864
5990120
5997986
6021820
6031579
5961324
6017370
6012397
6031863
5988783
6071816
6043330
6117483
7676157
11272111
11006809
11391507
11340804
11542262
10510696
7493675
7214145
7216962
16494381
5938464
3378250
3399821
3388012
3369204
3437668
3373422
3373924
3388934
3360435
3384919
3364068
3368809
3392259
3358708
3368335
3364506
3360154
3398650
3453587
3399503
3429398
3387335
3376519
3412439
3371784
3370501
3364039
3396850
3383344
3410254
3406226
3395234
3400054
3412158
3440644
3369060
3374502
3394588
3398607
3370750
3451377
3428342
3370948
3372009
3359130
3405625
3393634
5435485
16644777
8396549
21272519
21336434
21461703
21700170
21342585
10834670
20769645
20910659
20858389
19647479
11645299
9788258
12010008
9841200
10566072
11195869
9728193
12042763
9735524
10929156
10862376
9704901
12042862
9752199
11306809
10456870
9904391
11830374
9715835
11658579
10086113
10301742
11421907
9758177
11954554
9828943
10787018
10999794
9914110
11821350
10207210
11221859
10934260
10890523
11695941
11868458
10097014
12239955
9504258
6152474
5971690
6001943
6012235
6039211
5997944
6054968
6006704
6016876
6013544
6001396
6045613
6071819
6034789
5988487
6068259
6024751
6104640
7806878
11265516
10978980
11050348
11277737
11551185
9880822
7461218
7220431
7229304
17095879
6002754
3367890
3361461
3367979
3367335
3356880
3356896
3366010
3393406
3390815
3389493
3376075
3407868
3423397
3403647
3378922
3362880
3359154
3380597
3365006
3384200
3388557
3361405
3411110
3376513
3370550
3358226
3373610
3360348
3378594
3395989
3418248
3371980
3360196
3375327
3382046
3363805
3370818
3372577
3372073
3374941
3381051
3365249
3373475
3369952
3369972
3437361
3408983
4401953
16971068
8140030
21497874
21378760
21424619
21535497
21526704
11528254
19928759
20914094
20835692
20005797
11785598
9765696
11826156
9969640
10367064
11366961
9723573
12006170
9692735
10731553
10991839
9726135
11997387
9707884
11087797
10643392
9761064
11949322
9726201
11460188
10246614
10157878
11575105
9797745
11852410
9908353
10613693
11165937
9973839
11799629
10205084
11112140
11068239
10868688
11560582
11783059
9816883
12016321
9898131
6056831
5951709
5956369
5985207
6028690
5962645
6024228
6015496
6001443
6005654
5953041
6009254
6050119
6033439
5984321
6093279
6016208
6096447
7594627
11306126
10935280
11149172
11137302
11583032
10139147
7473570
7220876
7219394
15518267
5857729
3409531
3437297
3373100
3379578
3399684
3362603
3368916
3370434
3377093
3362448
3373030
3392626
3370299
3369674
3438257
3356079
3373362
3359457
3370108
3396302
3409781
3374916
3376659
3390418
3409891
3389534
3421092
3408556
3403006
3384101
3404000
3374797
3384281
3370703
3370162
3399736
3405342
3361276
3376744
3429132
3376942
3433435
3382023
3365068
3435430
3400217
3383596
3418662
16924680
7527634
21361732
21399111
21107620
21541463
21546288
12903634
18842547
20903287
20927550
20750070
11982447
9715795
11572244
10164937
10151729
11484941
9639888
11836414
9811803
10513596
11113377
9648227
11968895
9682072
10899423
10730862
9647896
11964844
9663323
11275727
10368148
9970041
11677852
9712842
11618923
10055318
10456599
11263505
9878051
11739914
10192275
10988817
11084794
10840967
11521524
12029258
9727030
12110570
10165143
6372227
5988757
6017342
5996783
6059189
5961511
5973778
6000706
5991146
6056557
5974551
6009032
6033156
5984755
5983502
6059077
5998501
6062247
6654501
11119136
11234607
11316982
11284152
11628127
10501075
7654026
7252170
7216213
13447110
8895231
3367875
3374393
3435809
3370378
3369296
3385799
3376811
3384750
3435214
3373733
3365389
3358514
3400298
3364393
3355003
3375923
3469631
3371787
3369617
3389629
3376358
3380950
3371891
3354409
3395881
3445102
3372824
3365554
3397767
3387881
3365518
3354806
3365626
3390439
3369261
3400273
3437270
3390442
3384766
3361464
3369576
3433947
3370172
3376458
3406503
3374671
3374232
3376537
16672628
7406796
21323454
21621870
21495864
21565736
21659226
12847826
18606708
20916748
20874421
20730349
12089739
9780292
11583664
10252893
10077051
11665423
9713755
11860174
9874844
10461057
11282157
9707481
12046137
9710110
10836836
10914505
9695792
12008698
9723931
11216781
10515657
9839089
11864827
9750382
11600550
10147979
10334767
11419953
9925585
11777338
10175476
10934814
11149633
10773356
11544297
11995466
9704646
12145604
10532149
6309001
5966828
6002660
6021894
6053077
6007259
6045235
6050552
5990879
6045320
5984583
6032910
6085903
6036455
5996956
6108570
5998135
7802870
6655242
10982928
11030101
11269302
11158652
11645224
10586110
7703672
7271264
7212535
16291350
9271627
3352035
3367500
3401390
3361447
3370133
3358746
3367537
3447093
3361791
3357006
3361670
3376398
3426291
3418079
3377117
3380629
3362101
3381611
3384407
3380058
3366845
3371218
3365442
3380794
3375718
3409002
3465993
3357476
3369944
3401800
3370846
3414711
3357044
3375461
3371014
3408678
3437137
3374839
3422593
3436701
3386398
3395797
3361639
3428843
3415954
3368715
3367922
3368792
14689088
8287723
19514183
21201304
21194751
21360473
21526472
16049839
15671135
20912887
20947774
20872475
14199818
9735124
10914927
10846041
9682669
11974152
9675463
11185170
10459266
9873537
11774603
9660885
11569614
10089328
10239652
11410036
9672157
11955443
9688661
10601250
11034442
9711736
11950243
9737377
11024050
10692688
9840439
11878078
9911611
11390872
10503905
10481448
11454629
10788576
11362235
12032923
9648540
12163382
11710910
6043411
5971267
5995591
5966010
6047220
5965110
5950248
6015902
5963263
6043893
5955062
5996692
6033475
5986042
6000162
6093297
5996053
6065418
6195945
10980626
11120841
11188106
11262968
11539482
10565516
7972123
7277466
7221621
11244312
9925444
3410087
3359171
3357467
3374115
3370015
3363171
3372364
3380805
3380420
3356806
3353968
3368420
3361414
3384676
3359299
3391566
3408080
3386498
3407097
3355094
3366140
3366102
3377618
3389904
3422524
3406718
3407350
3475591
3364118
3384334
3385047
3387650
3378008
3423458
3357849
3369076
3388655
3386009
3369600
3369817
3359272
3432974
3374531
3434791
3385795
3370209
3383338
3424347
15043851
7886410
20094508
21792635
21377814
21675347
21753990
14626640
16956896
20911690
20902232
20929178
13198083
9786463
11271379
10590101
9755611
11997153
9717485
11537442
10222779
10155794
11620921
9713432
11894641
9876358
10531806
11242406
9711777
12039111
9714768
10886185
10852352
9712694
12017824
9751276
11298848
10476847
10070533
11684635
9943362
11617829
10317369
10771974
11278714
10761174
11429878
11950742
9667208
11986614
11275362
6115683
5982104
6018020
6009307
6064059
5980148
6012055
6024035
5984167
6054357
5970845
6036327
6070994
5998595
6004658
6068439
5988549
6074533
6423281
11026034
11171537
11274625
11103515
11683078
10519329
7846686
7266113
7219474
12556992
9444805
3387537
3384618
3390089
3366202
3371947
3369819
3389509
3390192
3405832
3374851
3372546
3364071
3419985
3390239
3399036
3406430
3391373
3376729
3404168
3386747
3465502
3355002
3406692
3372222
3402227
3409518
3418257
3395386
3375264
3362248
3407113
3383078
3358795
3417174
3380661
3357276
3393417
3482519
3376238
3381657
3405257
3375212
3376512
3370915
3428645
3380550
3368968
3376351
15508423
7441145
20928715
21562480
21573453
21510881
21765768
14473071
17051455
20878028
20867696
20874136
13109351
9766054
11239308
10606648
9779260
11962821
9712708
11527787
10214372
10149884
11610693
9725398
11905887
9840534
10518723
11222406
9719691
12024165
9692088
10892670
10847154
9741704
11993399
9742240
11289419
10480080
10066172
11692750
9936588
11640239
10282703
10766813
11266356
10747909
11472760
11997419
9685781
12138248
11212616
6090068
5963272
5996661
5981846
6047998
5981785
6031767
7707968
5996574
6052644
5963574
6015383
6087271
6027647
6006441
6108715
6002153
6095079
6460942
11023129
11200415
11216726
11231854
11599767
10544966
7737316
7275988
7211488
15006837
9953931
3374495
3379350
3380142
3400630
3376282
3379323
3370218
3377258
3421293
3373405
3384409
3371737
3390170
3405387
3374012
3368835
3385967
3371685
3397422
3366399
3357090
3355499
3444573
3373237
3378283
3425001
3446208
3383344
3415203
3450213
3432216
3502623
3377283
3367993
3364887
3358949
3384909
3421967
3375883
3369906
3399224
3380988
3492926
3378695
3385668
3377960
3356868
3370286
16309708
7099613
21384442
21245599
21290771
21185239
21559137
14259514
17633669
20859372
20968309
20913772
12693406
9714918
11329260
10411551
9908716
11741053
9639374
11597728
10032568
10290461
11342606
9633558
11966814
9679386
10654458
10982684
9647325
11982276
9650454
11034815
10597704
9694952
11951153
9696395
11393930
10283895
10217266
11477112
9885592
11726803
10173753
10833409
11185877
10768016
11563060
11775452
9614248
12181063
10753249
5953600
5987926
6005508
5987469
6058868
5961316
5988053
5996690
6015231
6044798
5979299
6011655
6023155
6010780
5995390
6066699
6023483
6089302
7061628
11065488
11107310
11226990
11294974
11611317
10580249
7484412
7228507
7219985
14462993
7186707
3372103
3381852
3406492
3368162
3364286
3417447
3461154
3365506
3386035
3448162
3431665
3355937
3413555
3394908
3369087
3354527
3363145
3379688
3383085
3366456
3374164
3412891
3366920
3369282
3424606
3433163
3381624
3405257
3376905
3368957
3361639
3446272
3382910
3357762
3419352
3357179
3392189
3362207
3377471
3372960
3426083
3410500
3373062
3431794
3383408
3422788
3437252
3566117
17225789
7616359
21307886
21500298
21450971
21393495
21364802
12208993
19304588
20911639
20887545
20328337
11955219
9798711
11752937
10083089
10241092
11520771
9741782
12019479
9750556
10653028
11121302
9728775
12042854
9734716
10997229
10767767
9709432
12021959
9741000
11395031
10363309
10018333
11726268
9798972
11759471
10017867
10535131
11255214
9940033
11789317
10201780
11065828
11113466
10815895
11561404
11998285
9726292
12145176
10170329
6115869
5967366
5997854
6021920
6046128
6004939
6054229
6017189
6013360
6012583
5988368
6043158
6077397
6037103
5985475
6080295
6014860
6089596
7274818
11296248
11092916
11187329
11073349
11595355
10426058
7484367
7224456
7212550
15256299
7683320
3375718
3361395
3363781
3367520
3376271
3376972
3407403
3357684
3378465
3414305
3406894
3371387
3353728
3367180
3354947
3359489
3361692
3414775
3379904
3379236
3385345
3398257
3378539
3364931
3350917
3362012
3427787
3374846
3360697
3378608
3430410
3438892
3464731
3418067
3361162
3440204
3387480
3371874
3386879
3421712
3428815
3418461
3380115
3367159
3386826
3367534
3382837
3373304
16837547
7447054
21761573
21218358
21214128
21572239
21501663
12961503
18210163
20830816
20850486
20834873
12081610
9757996
11463174
10309448
10026130
11679710
9709830
11759116
9920106
10384438
11319385
9730511
11970006
9703198
10751238
10941357
9732276
11954092
9715235
11103334
10588482
9824336
11866692
9766333
11494201
10223490
10293889
11451323
9953164
11774274
10196948
10908797
11187368
10790609
11543787
12008970
10386591
11970785
10668155
6274398
5951381
5990280
5971108
6025627
5966238
5994563
6014591
5964607
6031945
5947691
6003702
6050428
6014335
5986963
6098423
5991729
6068482
6483881
10915954
11225160
11029544
11257974
11648019
10550258
8129128
7275095
7215545
12826287
9892797
3372755
3373113
3400308
3357930
3372418
3357208
3393489
3485286
3374318
3383725
3362570
3355825
3372808
3363352
3359725
3371494
3359271
3387422
3370391
3435926
3383492
3423335
3379911
3415845
3374383
3425265
3370154
3379063
3376215
3363020
3369780
3370694
3398653
3366008
3442138
3423030
3423356
3394425
3368309
3371311
3371139
3428269
3391526
3372707
3388774
3397482
3421522
3373364
16481624
7119860
21734529
21077112
22116423
21591860
21480022
12778015
18824375
20934062
21012663
20685089
11988244
9732101
11564032
10184938
10154605
11485670
9652856
11825301
9825990
10519936
11110477
9651790
11953964
9693040
10894610
10748335
9664857
11968766
9684075
11269634
10381489
9948729
11710601
9711239
11622361
10073912
10440346
11261932
9894251
11756768
10216622
10992542
11053462
10866866
11415969
12012012
9667013
11877385
10195648
6356714
5985121
6018470
5992754
6053275
5962975
5984659
6003897
5987666
6054198
5972296
6005740
6035329
5980365
5975769
6048655
5989095
6056332
6627930
10997228
11421985
11299654
11116406
11741774
10499938
7592191
7253486
7218572
13561020
9018391
3365199
3370323
3371426
3377569
3383637
3381379
3432226
3414252
3369012
3373585
3393127
3376514
3388535
3407641
3385848
3376901
3418502
3401683
3393639
3361076
3445979
3357583
3386619
3448285
3409909
3392494
3395329
3386726
3480139
3360434
3390801
3393447
3358860
3380626
3388677
3393773
3366207
3387966
3382014
3369875
3368870
3420834
3368449
3359285
3375176
3366886
3453579
3454191
16898364
7422078
21359725
21228051
21742625
21513020
21524388
12766527
18404541
20909134
20874387
20838306
12118209
9765594
11526487
10290944
10013870
11695023
9711154
11800004
9915523
10394205
11326192
9694900
12030468
9680582
10776512
10940204
9694048
12010103
9704691
11147526
10576678
9799422
11895370
9740494
11547649
10201914
10283269
11446552
9926467
11786396
10173418
10926870
11194129
10748672
11533444
12047639
9685804
12087566
10620304
6121324
5972330
5973049
6024323
6051831
5994565
6062734
6038798
6004427
6030575
5984748
6030847
6081272
6046910
6004404
6116698
6009730
6105191
6987962
11059091
11116581
11266654
11212402
11621061
10779944
7741386
7245080
7210976
15798285
8022378
3363080
3372636
3364999
3378448
3381106
3357997
3374609
3426385
3370115
3373617
3396999
3383801
3371929
3378223
3413765
3379413
3483670
3372482
3458935
3407094
3379201
3363952
3381537
3355661
3453099
3398679
3383490
3372905
3357529
3428585
3366371
3367423
3361832
3417646
3423157
3361235
3363576
3367147
3398848
3397683
3383948
3357591
3385548
3389855
3374165
3360425
3367220
3384323
16657587
7411821
21412412
21647832
21368709
21732695
21570710
12813658
18678610
20914987
20961808
20737655
11988963
9728052
11540339
10195086
10147472
11509409
9652063
11849300
9806398
10502651
11136922
9661384
11972437
9663567
10888331
10754581
9678210
11975661
9667015
11245840
10407025
9998084
11683775
9713578
11620614
10075801
12098349
11289994
9887619
11791497
10133055
10942836
11189713
10677091
11609985
12102666
9626847
11861086
10198929
6516738
5981925
6008199
5968543
6053987
5954674
5955173
6007732
5978746
6056952
5951560
5998499
6031783
5989243
5999131
6079650
6009401
6078620
6393847
11069213
11337497
11283014
11161855
11552463
10517555
7935464
7267796
7219015
12398265
9829637
3381539
3371582
3372975
3399453
3433736
3375654
3365100
3409494
3421097
3391777
3366921
3371053
3354403
3364621
3402015
3361853
3362649
3363179
3374318
3418142
3368401
3365815
3403272
3377186
3382040
3358984
3387705
3424839
3373218
3367721
3370804
3423588
3360389
3416210
3361852
3365134
3366925
3373969
3409995
3359629
3442807
3390042
3398429
3372884
3389313
3377338
3381848
3375612
14599924
8311097
19328780
21042967
21484786
21488601
21355606
16062989
15672013
20974688
20893733
20899996
14246243
9799154
10969370
10894294
9696037
12053397
9747230
11250294
10518905
9845348
11922625
9727125
11612250
10162445
10216999
11537611
9727246
11952657
9816786
10614490
11135187
9738648
12010234
9805628
11003882
10764498
9791840
11937477
9952476
11413231
10515767
10592943
11392358
10754442
11369931
12071515
9681704
11960370
11877060
6176279
5979843
6019337
6007250
6054676
5992845
5992861
6029351
6012742
6045882
5962444
6043791
6046533
6028860
6000887
6055998
6011468
6088816
6135975
10479418
11205634
11149954
11082404
11642698
10575303
8417790
7308565
7220306
12548719
12181800
3392184
3399708
3439248
3362212
3360226
3353115
3380481
3404611
3440541
3366891
3431639
3359817
3410629
3364679
3381194
3376941
3361386
3431382
3378504
3357668
3367607
3384821
3440227
3384453
3424429
3374726
3367242
3385322
3394974
3398866
3379042
3358033
3366144
3450704
3384395
3422236
3373662
3379104
3369219
3366342
3366199
3449455
3395407
3384954
3403161
3384991
3391199
3370275
14629910
8280697
19560360
21245688
21611853
21415013
21687506
15784499
15941434
20896725
20873524
20892760
13922328
9757118
11017565
10835848
9723753
12023313
9704609
11261065
10471367
9894053
11846905
9714257
11644415
10085087
10247186
11493043
9719016
11999193
9712144
10638052
11080943
9746934
11974536
9739126
11033674
10713226
9845991
11870187
9929622
11443001
10470420
10617396
11394416
10737732
11365172
11977996
9669856
12131802
11745999
6079832
5960297
5981648
5969899
6049400
5985241
5989021
6046264
5980772
6037310
5961272
6005116
6062891
6022682
6015459
6091518
6026378
6068909
6178397
10832200
11319432
11044099
11258180
11649375
10586135
8308899
7302380
7214664
12543031
10107382
3403508
3408404
3372007
3382432
3368149
3376460
3357077
3415518
3406970
3377856
3422616
3370485
3363085
3385690
3364037
3397461
3376965
3370029
3382654
3367252
3395894
3356943
3370145
3373664
3376250
3386198
3373400
3392407
3354996
3401807
3378395
3400842
3380212
3369514
3394132
3366940
3373272
3392450
3379171
3397738
3386659
3441380
3426209
3385452
3374115
3422622
3373940
3367761
15462265
7529902
20746003
21386212
21688807
21298890
21318196
14775454
16927933
20924508
20902126
20953247
13242342
9738037
11191027
10541126
9737973
11900333
9648843
11457937
10173800
10138338
11492579
9634448
11830751
9823639
10495617
11145660
11281253
12075332
9660254
10872309
10730422
9662752
11964008
9695989
11250251
10402926
10079906
11562904
9875089
11586945
10272715
10741720
11213532
10753833
11486464
11969398
9711417
12108009
11127033
6188719
5986538
6024987
5995754
6065439
5963086
5961235
6025185
5985091
6059981
5966114
6010802
6034493
5978603
6015922
6061282
6000067
6078093
6316142
11207024
11204092
11345826
11273247
11743019
10583398
8296859
7275411
7224368
13971255
9768239
3402346
3360167
3383011
3413704
3364408
3368367
3437368
3374601
3362555
3370274
3354204
3435462
3378398
3356660
3381023
3350249
3353864
3367290
3373880
3391158
3363814
3367634
3408351
3412968
3376403
3420497
3373344
3362192
3363081
3368443
3356981
3376612
3398270
3390078
3374814
3415052
3363114
3364919
3395432
3372122
3434918
3375642
3376945
3377897
3362836
3356264
3367290
3376237
16279512
6993811
21258523
21363182
21406330
21544980
21606847
13731352
17853927
20921971
20951897
20909980
12557112
9780187
11420996
10431379
9923972
11823232
9729499
11697914
10041868
10287915
11452111
9723220
12047105
9731273
10687227
11067874
9698071
12018665
9719698
11035061
10699067
9707338
11993396
9749792
11447334
10307888
10184555
11540825
9932707
11754291
10180119
10856354
11261728
10752204
11493425
12014066
9692060
12122402
10895638
6077929
5965694
5996839
6027762
6048771
6000729
6060950
6026503
6002297
6018922
5990143
6034165
6084413
6036601
5987268
6098812
5999444
6085044
6800089
11080306
11114878
11327865
11367481
11612749
10567829
8066099
7253119
7210170
14214947
8733232
3443329
3376519
3438975
3416652
3405086
3360111
3358601
3395543
3372566
3365885
3365190
3417351
3388989
3361225
3370345
3381895
3382499
3396396
3358241
3416705
3425666
3355669
3365237
3421454
3390577
3372598
3444969
3369483
3422144
3366343
3380560
3366360
3403874
3447277
3391638
3367997
3379282
3398625
3410480
3368269
3381019
3363083
3357323
3361709
3358379
3373830
3358390
3389093
16552280
7357995
21498795
21609330
21367978
21245639
21452125
13572501
17981652
20874353
20911643
20887473
12278062
9765728
11411962
10365035
9964870
11722200
9715743
11709921
9983933
10327438
11368718
9719203
11987030
9689533
10686508
11001264
9726107
11955790
9697587
11054037
10629702
9762229
11930301
9762940
11447050
10267114
10234857
11496294
9932757
11765583
10165243
10858819
11215055
10751697
11522972
12005359
9698838
12392429
10727746
6356781
5956530
5983529
5975532
6027626
5972260
5975837
6022746
5964611
6037473
5955909
5999648
6046247
5996031
6002782
6096258
5990667
6068095
6201333
11016316
11317444
10995777
11164680
11668243
10548879
7878970
7284804
7215424
13175566
10131323
3432765
3384356
3379467
3404567
3354271
3382818
3364277
3372102
3423551
3380606
3369362
3429674
3355549
3378530
3381574
3361092
3399832
3369571
3367191
3414742
3370195
3402829
3404342
3424559
3381587
3396730
3358423
3354513
3445826
3397170
3380502
3389548
3404942
3433191
3382320
3378437
3375827
3368052
3378310
3381777
3390803
3374945
3385594
3376464
3369652
3392027
3397150
3373769
15420804
7528600
20170358
21623369
21721430
21412874
21311175
14767488
16955821
20952003
20940973
20938819
13189334
9782243
11225384
10536235
9764109
11889118
11312569
11624387
10162478
10175895
11486839
9657584
11835080
9837017
10534329
11103473
9663131
11947351
9715164
10914087
10729679
9678549
11935879
9722810
11295323
10384492
10143749
11530058
9895887
11628756
10292394
10814397
11180739
10808022
11360357
12047245
9702742
11842273
11027721
6113104
5980628
6016459
5991854
6048404
5960567
5973582
5995353
5974803
6032951
5959833
5998191
6036375
5979019
5983441
6038029
5973653
6047268
6549924
11111462
11340511
11293422
11221520
11782055
10552590
7728217
7264591
7219615
14398674
9571552
3368654
3392227
3415134
3373421
3378289
3373298
3453630
3373551
3402308
3370251
3375939
3366854
3389744
3510562
3368296
3402910
3386970
3375869
3486586
3435027
3426857
3374622
3428083
3365446
3382430
3371423
3383111
3433302
3421323
3366299
3368985
3376399
3357966
3463678
3361396
3379845
3366688
3427946
3377582
3375559
3364687
3389909
3376449
3402148
3496973
3369665
3391880
3374383
16521367
7320473
21078013
21043875
21523603
21062250
21451663
13920604
17581077
20822677
20948538
20939395
12745571
9756975
11344122
10504363
9854371
11874546
9700959
11635806
10115083
10217238
11523850
9712690
12006765
9727209
10613744
11129204
9714059
12021498
9702375
10977891
10757725
9728835
11992983
9759591
11372438
10378775
10138355
11612059
9931483
11715398
10214420
10818496
11238390
10732435
11506855
12007623
9688710
12135366
10990129
5913501
5968351
5973711
6020921
6049539
5988631
6059297
6036788
6010298
6038992
5983482
6025256
6085397
6042181
5997214
6116503
6013001
6106050
6926393
11064168
11100346
11149268
11139691
11547701
10645504
7521454
7248061
7211148
12951006
8289454
3381761
3467829
3355377
3378186
3382925
3368708
3373405
3434024
3415093
3384821
3429512
3369159
3365745
3434896
3362991
3395601
3412357
3372873
3375416
3411037
3371747
3377698
3381725
3382404
3427924
3374927
3363980
3366268
3403498
3362188
3431567
3374925
3406982
3364928
3400544
3351599
3419846
3410269
3435488
3372114
3490635
3361782
3416333
3375116
3378997
3355999
3379476
3675738
17193541
7893421
21353825
21375169
21673785
21166175
21290798
12153049
19497971
20941216
20910207
20347235
11804562
9709489
11708831
10056456
10313971
11332194
9636782
11985281
9663864
10662756
10977742
9653714
12001165
9645689
11058356
10595304
9710294
11951075
9647232
11403814
10230994
10125194
11529320
9706149
11784331
9923726
10557310
11144950
9893555
11780695
10154818
11071463
11069840
10839054
11621254
11673316
9830279
12271257
9830743
6410232
5993697
5998900
5984862
6056346
5961998
5982348
5999401
6001393
6051434
5966953
6008059
6020137
6004362
5998712
6081687
6017040
6098640
7005097
11110949
11150897
11216464
11244266
11625596
10500036
7485431
7235842
7220596
14666629
7741484
3376477
3370192
3396770
3390522
3369348
3394842
3364561
3382852
3369055
3555603
3375781
3364704
3359538
3361817
3376464
3352052
3364595
3352218
3363751
3371544
3392608
3396317
3362104
3393317
3372982
3390552
3374288
3389547
3380828
3371831
3381173
3352894
3368758
3366668
3421747
3403457
3366091
3375825
3398444
3424662
3377379
3481343
3398201
3374765
3365795
3404578
3441304
3780736
17141492
7992786
21735195
21315094
21702937
21244962
21763663
11587975
20303891
20852448
20854358
20099375
11863116
9792581
11836143
10019250
10346531
11404740
9719820
12040218
9715321
10727436
11030264
9697814
12037501
9734902
11085443
10663391
9703552
12014955
9736268
11462166
10266312
10121030
11617725
9772356
11832310
9939835
10591012
11174384
9945349
11805072
10185784
11115517
11074201
10836193
11574258
11902051
9819556
12196894
9974168
6348435
5975783
5996025
6018176
6045878
5998704
6050981
6019368
6006606
6013199
5994697
6028405
6078294
6027264
5985546
6080454
5995508
6083022
7079030
11082370
11099197
11216430
11080801
11688671
10444444
7485874
7243719
7209512
14024641
8229308
3366596
3371526
3386607
3389369
3415716
3370652
3362279
3349095
3359460
3374142
3369685
3379296
3368297
3357064
3382327
3387878
3440052
3372942
3388629
3363976
3430418
3432045
3385296
3378139
3353462
3380536
3357177
3384040
3418523
3378046
3404914
3363926
3392324
3373870
3374288
3358685
3360756
3400631
3367509
3459398
3375459
3392884
3404236
3394497
3363479
3387062
3361382
3374889
16696562
7455031
21226457
21740683
21487020
21335657
21193805
13379227
18041748
20865701
20921674
20853409
12300868
9757719
11413853
10379031
9970660
11740660
9723996
11722816
9994560
10324060
11384280
9717573
12007362
9684799
10687014
11007214
9719812
11964884
9697882
11061795
10638251
9760782
11923941
9748639
11440368
10293678
10236282
11497728
9929876
11774612
10184243
10867192
11192084
10770120
11519066
12004767
9690725
12122248
10798859
6240789
5954926
5992495
5976238
6029683
5970251
6005354
6018159
5968495
6030811
5948668
6004250
6067061
6016539
5988764
6104210
5994993
6076597
6449999
10990497
11182764
11158144
11005756
11576530
10553119
7762064
7271182
7212622
11751812
9590217
3512199
3477945
3376184
3377867
3394102
3376418
3357418
3359866
3417823
3361841
3364250
3438238
3358849
3368000
3403140
3368866
3360705
3382963
3368929
3380302
3375335
3384351
3409388
3383044
3385441
3378231
3385062
3363522
3365290
3351447
3370908
3372332
3365810
3370448
3376808
3467723
3359272
3374867
3369690
3400294
3393125
3464286
3376926
3396551
3384839
3484403
3402446
3368815
15354124
7585429
20543277
21410337
21533422
21251546
21561714
14856891
16963500
20882516
20862360
20952179
13189712
9737987
11222361
10521722
9759832
11881422
9653004
11472274
10162949
10154302
11484231
9642553
11833040
9825918
10518025
11129184
9649329
11967190
9674941
10898621
10743656
9672003
11969397
9732246
11268381
10409436
10106147
11559938
9876081
11605169
10317896
10763607
11207190
10738729
11391555
11935965
9674412
11791225
11080660
6097110
5982202
6030873
5994224
6061749
5954799
5972003
6006299
5983395
6055278
5964292
6007595
6040905
5984466
5988370
6059595
5994883
6064028
6558414
11027626
11344659
11238993
11183974
11647886
10532256
7692479
7258748
7220600
13611696
8897977
3376366
3400373
3385120
3411651
3371806
3368876
3355857
3390075
3363362
3361881
3357426
3363997
3374317
3385362
3373357
3383072
3394181
3390813
3413701
3370362
3372270
3383648
3396131
3379215
3358157
3382249
3398446
3393698
3361616
3421627
3374491
3368068
3373363
3375146
3367696
3399650
3388960
3360413
3367842
3359550
3365726
3390665
3365675
3445067
3399343
3368603
3400306
3393289
16457452
7228258
21721915
21695274
21283861
21359049
21583945
13439356
18206058
20877317
20928053
20882060
12289543
9775729
11482762
10349408
9961358
11766261
9711884
11752131
9972223
10336925
11388560
9711109
12045065
9696974
10736826
11011248
9702426
12007696
9709634
11086810
10617433
9746997
11954028
9749498
11486480
10243060
10235139
11487981
9954397
11771384
10162667
10872440
11188780
10750466
11516638
11999245
9690595
12155499
10757213
6328521
5961199
6002348
6022943
6056595
6003175
6045137
6051344
5995716
6043467
5972959
6034890
6094096
6018938
6021660
6101798
5994769
6096799
6363613
11053586
11172969
11192860
11237655
11655042
10550821
7876194
7286461
7214203
14560397
9996291
3369344
3389054
3380051
3361008
3379673
3355319
3411251
3406960
3365497
3356187
3377603
3368753
3383238
3375403
3368704
3404365
3421285
3376503
3358949
3362248
3368173
3366863
3362343
3364184
3366861
3398025
3427752
3398102
3373793
3366000
3394512
3394184
3388387
3389637
3414322
3390769
3397972
3358937
3394655
3374742
3448500
3354653
3363239
3399222
3370245
3360317
3363459
3376625
16475180
7201585
21455402
21033482
21738541
21456637
21380966
13473883
18259881
20909494
20913915
20910997
12074243
9733033
11459717
10273771
10050440
11596127
9679225
11772656
9882198
10416671
11237613
9685542
11953517
9669772
10798170
10849037
9687284
11959098
9667341
11161232
10484424
9877080
11787816
9727132
11557673
10155293
10338272
11389384
9901952
11778847
10150955
10853858
11204751
10791071
11586245
12060461
9665290
12218805
10392087
6467103
5966460
5994561
5972283
6044977
5962709
5968860
6010438
5964992
6048448
5948241
5998742
6047241
5983703
6001585
6088988
6004235
6075254
6330425
11057779
11184067
11301246
11068211
11630239
10502721
7818335
7267523
7224207
12522068
9496461
3362965
3382855
3433407
3423392
3361011
3357262
3419817
3365769
3388863
3415580
3370549
3364552
3378843
3364300
3384114
3441494
3380413
3423396
3391108
3365036
3355500
3380196
3420530
3434283
3397895
3402348
3396178
3369369
3377043
3375611
3389282
3363845
3398984
3369869
3430778
3363739
3387193
3370950
3362456
3371478
3398879
3366340
3383166
3366728
3454605
3376220
3394946
3386203
15930357
7053491
21639585
21680474
21413217
21426658
21685863
13726568
18025925
20933212
20882119
20888280
12476584
9772528
11474848
10386453
9971930
11783229
9707283
11726701
10031186
10358530
11393974
9698602
12050383
9724177
10723416
11041916
9681711
12032511
9711978
11096476
10635687
9742844
11983745
9744123
11477217
10299651
10272095
11477848
9938394
11771691
10179625
10901024
11181005
10800041
11475948
11981290
9721980
12128898
10806270
6245394
5983924
6018890
6007297
6055256
5984600
6001079
6018788
5987665
6052564
5977908
6022207
6065916
6004960
5992029
6068372
5987719
6070610
6523017
11002067
11258201
11251046
11098386
11742452
10540977
7714439
7259172
7219959
14209135
9004813
3429743
3442467
3376743
3348820
3440063
3367577
3372529
3402466
3369719
3363180
3380389
3388657
3385156
3360174
3399595
3399870
3386921
3435020
3371741
3398019
3450366
3405989
3376233
3370694
3364799
3359105
3361954
3430447
3356825
3380134
3363707
3413078
3410871
3394554
3424274
3375673
3384591
3363436
3364589
3378095
3388464
3360595
3409070
3389662
3355009
3370005
3384911
3417756
15960223
7154598
21155358
21141127
21329684
21340540
21496540
14602350
17099073
20914091
20899795
20856333
13070927
9759928
11227850
10614992
9775786
11964452
9709701
11526732
10223353
10122751
11625773
9711161
11899537
9842035
10506216
11251912
9714236
12028249
9694179
10882798
10870273
9738160
11996004
9744739
11271711
10491698
10051191
11704751
9933012
11643795
10300271
10770884
11281175
10756120
11465897
12026613
9682202
12120931
11227059
6055943
5964251
5994047
5991343
6041510
5986554
6032129
6038733
5982697
6042800
5960337
6010991
6080815
6032946
6004107
6115081
6015696
6092905
6555038
10965885
11203410
11202173
11116214
11648012
10551763
7836761
7275369
7213624
13701223
8768034
3368724
3372212
3359648
3373219
3369752
3414941
3355793
3368842
3425926
3372361
3480093
3359442
3370767
3371355
3374267
3382498
3354940
3413400
3378082
3404959
3372683
3377090
3396805
3426771
3356052
3377266
3428085
3364749
3374515
3443537
3357879
3396568
3384259
3389641
3358415
3414306
3382891
3395587
3371167
3385068
3389981
3372315
3403101
3382174
3371893
3360417
3363256
3434615
14974385
7972245
20264942
21291639
21042399
21727244
21909262
15359974
16526412
20898912
20847562
20861323
13528125
9715600
11103419
10629871
9647743
11984766
9636374
11366398
10266758
10054379
11571965
9642066
11744912
9894002
10418265
11215767
9639999
11968087
9661957
10783177
10831903
9671066
11962068
9707057
11186556
10487226
10006416
11659412
9893253
11526206
10343844
10676293
11271634
10694356
11551181
11812478
9629132
12166457
11307807
6353363
5999310
6029659
5984953
6069629
5977535
5926690
6019530
5995625
6078695
5950027
6027261
5999045
6007586
6027329
6047275
6030850
6065406
6194574
10473815
11269419
11096145
11223255
11814646
10564385
8334908
7303663
7218553
12304258
11049867
3399438
3366768
3400099
3376272
3385957
3379185
3368218
3360220
3386852
3395537
3406997
3360417
3375613
3369798
3370210
3348509
3370183
3364007
3372618
3371179
3369594
3366251
3369978
3362443
3414315
3387236
3376476
3417704
3451718
3373447
3357529
3365941
3368598
3377479
3364490
3362575
3455305
3427978
3374215
3420898
3362161
3402526
3380954
3407916
3389893
3404010
3367419
3417213
14811815
8109025
19620556
21309552
21263952
21423189
21826886
15883162
16077018
20934959
20901945
20858319
13893546
9794406
11030809
10817804
9692675
12034434
9731879
11329397
10431225
9899249
11853329
9727775
11692050
10056871
10269920
11460556
9720701
12030258
9718063
10677693
11071936
9716097
11988321
9765607
11073526
10677213
9853439
11870473
9941587
11484741
10442670
10627711
11351451
10729635
11350627
12000704
9642110
12331850
11691101
6219146
5975530
6013629
6014006
6063232
5997500
6018080
6033648
6006154
6026621
5967634
6039734
6055941
6035552
5998160
6071814
6013985
6075739
6146960
10619568
11217303
11247010
11218066
11594899
10546220
8233923
7305260
7219015
12240584
10346960
3374103
3361905
3380651
3369810
3355354
3368711
3358771
3350404
3362077
3397624
3367792
3375141
3356766
3357744
3363484
3376738
3349749
3369345
3382523
3383177
3379339
3457622
3383132
3363579
3359971
3367682
3379115
3370382
3365065
3370767
3387494
3389559
3372118
3402877
3403642
3368754
3387418
3365776
3370972
3370825
3394862
3382741
3379162
3364090
3378651
3364913
3372108
3371341
13379417
9660163
17111429
21426067
21431791
21257435
21402744
18022764
13815941
20919711
20835940
20850688
15306362
9939424
10523260
11270643
9713993
11986233
9696183
10810425
10898132
9737543
11984659
9702685
11161197
10541288
9823815
11869487
9712463
11504087
10169904
10175786
11479525
9730860
11895770
9784093
10601003
11104811
9826776
11877062
9933444
11055917
10847843
10337316
11586328
10728933
11197920
11963886
10079106
11719771
12458151
6262634
5983012
5975836
5941228
6042669
5989087
5956382
5992140
6001881
6036394
5950709
5994198
6008774
6033255
6028639
6026223
6041780
6055063
6124933
10044820
11165308
11066449
11101218
11639742
10775917
8862240
7349991
7207547
12823997
10726416
3383006
3383774
3403126
3362017
3374230
3363657
3370907
3374247
3393668
3397946
3376351
3394371
3378411
3393946
3378561
3360360
3366929
3377936
3412294
3383444
3377708
3459028
3439483
3387250
3384131
3397216
3489428
3382147
3387839
7014137
14494777
17372024
18342806
12946581
5877429
5818291
5781900
5843420
5808680
5765941
5803697
5798567
5888718
5754807
5793761
5815146
5807697
5800845
5827970
5819029
5870887
5941858
10008630
11331775
11316052
11234605
11552433
9836951
7487323
12214008
9304552
9279594
9337317
9263304
9284582
9290562
9323992
9255756
9314464
9308338
9296095
9432314
9426986
9514267
20074387
35595906
9874063
9304522
9287988
9301759
9263316
9345300
9300145
9295990
9309285
9330504
9305230
9272619
9322080
9338249
11838761
26245694
27543885
9360618
9291223
9304210
9319490
9292034
9309859
9341947
9250498
9288889
9352274
9295808
9304751
9296505
9393995
13737939
32911739
18869218
9332080
9299654
9342804
9283007
9307552
9303891
9341027
9282528
9305374
9332051
9295523
9339631
9323041
9419819
20488914
35662085
10315995
9282102
9254429
9305776
9299073
9327475
9285535
9312733
9277121
9305685
9322524
9301144
9321688
9329922
11989845
25714251
28164342
9346609
9297681
9302442
9297934
9292343
9281428
9345395
9250895
9282583
9303929
9315128
9308636
9294690
9371586
13744423
32570701
19347364
9319096
9305202
9341959
9301216
9326495
9312589
9366461
9270358
9321349
9358778
9327006
9362580
9349075
9450162
18926538
35681543
10840600
9314928
9287964
9299855
9264839
9326527
9295423
9307146
9294018
9342778
9321444
9273318
9302136
9330925
11500901
25618825
28398901
9327595
9271189
9314344
9300104
9330770
9278780
9311642
9260242
9308779
9300692
9306481
9307065
9279250
9386759
13731329
32403502
19841111
9313747
9289462
9330349
9271569
9312434
9264221
9354759
9255841
9289509
9338470
9311616
9317616
9309055
9440341
18517051
35652885
11265435
9312964
9287789
9300867
9292049
9321534
9300758
9339320
9282406
9308705
9320392
9294020
9317467
9322539
11401412
25326808
28798264
9333889
9281248
9286879
9285769
9287338
9299207
9329698
9276282
9314168
9308228
9316867
9320126
9296953
9386717
13643438
31717058
20482631
9311215
9270812
9308479
9246543
9304267
9257469
9300189
9258767
9282043
9312630
9299692
9331786
9290218
9361596
18605630
35605926
11854345
9299775
9269560
9293372
9254518
9314988
9288008
9298379
9248143
9305180
9311366
9320556
9291320
9321317
11453279
25157646
29219586
9364921
9294350
9303065
9326898
9286537
9279887
9367383
9245593
9294162
9300140
9319591
9344643
9308767
9389951
13331301
31339663
20960834
9327268
9289244
9329153
9258285
9305684
9296982
9322161
9278056
9310819
9328263
9296621
9335083
9318235
9376111
17856514
35654406
11897711
9314626
9288906
9289936
9279267
9273362
9258004
9265864
9241365
9270777
9324490
9288833
9316491
9335462
11580798
24836727
29649526
9317456
9279243
9260057
9268604
9237520
9267149
9324341
9215714
9254808
9311492
9296783
9268611
9305657
9357607
13712039
30948307
21309526
9337692
9283643
9315718
9279866
9310590
9285499
9325134
9267657
9309687
9321815
9286283
9316318
9341068
9399117
17536795
35501126
12526205
9330268
9295131
9311574
9279176
9316670
9319016
9318428
9278542
9343811
9318582
9294790
9339629
9329373
11202071
24350379
30182066
9345234
9296138
9285216
9282906
9274307
9300237
9323177
9247470
9273740
9292832
9312120
9306491
9320788
9377878
13333803
30522820
21813236
9303621
9292153
9324196
9266609
9290666
9275635
9334415
9268776
9294256
9316805
9315563
9319210
9301178
9389486
17182134
35628562
12960284
9330755
9279539
9290668
9265260
9281207
9308415
9324418
9270079
9293148
9308901
9313085
9310974
9311452
11195450
23931564
30648070
9374947
9305423
9280027
9319539
9288363
9290771
9295910
9284820
9306924
9297867
9285802
9337447
9321948
9364165
13235733
30377310
21899948
9309740
9285014
9303779
9282553
9307796
9288000
9316972
9250506
9304288
9304097
9304216
9337775
9298809
9430201
16868188
35669465
13470619
9309799
9274212
9301652
9271230
9326091
9286061
9313244
9285021
9323632
9319579
9303642
9346036
9312078
11074634
23359128
31002146
9357463
9296247
9264338
9330734
9286408
9332425
9336613
9299334
9328349
9312999
9320155
9281892
9310248
9382537
13133038
30087723
22334423
9309180
9294758
9334907
9303384
9308688
9275843
9368317
9260646
9282449
9348122
9282948
9346204
9313122
9388962
16093620
35674470
13944387
9318271
9269756
9276127
9243416
9321252
9298411
9311084
9286839
9315051
9303785
9285549
9319013
9317693
11055264
23181514
31383013
9376235
9298997
9273277
9309895
9286475
9299351
9294624
9298714
9293302
9309533
9335778
9302433
9308992
9397544
13140039
29861620
22848311
9289748
9276805
9328745
9303746
9289863
9283122
9350571
9261932
9279365
9325915
9304776
9325369
9328067
9386312
15486497
35662344
14381604
9333925
9289095
9347246
9277962
9316165
9294612
9356061
9266155
9297402
9361735
9274895
9343262
9362377
10988811
22588512
31803618
9365838
9277161
9276826
9304975
9278208
9299921
9278038
9251534
9308256
9313080
9299318
9288448
9303715
9357249
13294701
29377541
23355043
9319681
9288815
9317309
9315171
9292200
9271345
9342482
9245071
9300458
9331802
9294563
9324811
9312977
9378360
15125380
35648836
14821968
9394101
9374283
9407258
9399797
9422333
9409597
9393368
9390563
9414647
9421412
9419897
9411098
9432677
13165124
33155176
18498859
